image: home.pgm
resolution: 0.050000
origin: [-3.650000, -2.900000, 0.0]
negate: 0
occupied_thresh: 0.65
free_thresh: 0.196
