image: office2.pgm
resolution: 0.050000
origin: [-23.753299, -7.707709, 0.0]
negate: 0
occupied_thresh: 0.65
free_thresh: 0.196
